1893
1205
1892
3020
857
37
1474
1734
1142
3094
236
981
1979
1718
2629
3060
2140
1136
1857
3728
3425
1302
3268
751
2778
2793
2289
2200
3228
640
2163
1736
2614
314
3267
2578
502
3616
2824
2682
3064
383
2910
772
1391
1332
715
2855
3085
2641
492
2545
815
1487
1878
3073
2137
504
3445
1646
816
3312
109
794
3309
2160
1014
2053
2099
9
1600
123
2912
636
3735
2723
1958
1795
1190
133
3105
3587
678
642
2421
48
2170
2511
1918
1576
2887
3585
2498
405
206
3595
1437
1837
2962
39
714
1376
2500
1377
2282
1887
98
652
3705
2676
547
1387
1454
929
946
2019
312
372
3063
199
1268
1638
1011
158
2978
2141
2401
2459
478
1051
2551
1874
1176
392
1440
1590
2432
2830
2819
1573
3275
70
847
2399
1395
147
3407
1945
931
2677
2965
450
439
2191
3635
2748
3021
221
740
3665
306
3508
3333
922
457
1253
2917
1126
31
1349
3069
183
3663
2061
1626
1636
3649
3180
2111
643
394
1278
1093
1943
3363
3011
1593
1359
3140
2976
3501
2252
342
77
386
3420
2244
84
2248
549
1586
3214
2898
3151
613
3014
1653
2686
243
3284
3167
747
3442
3102
2992
2035
688
2802
1389
1689
797
7
2208
174
2942
3583
1271
1230
3351
2650
2384
936
2231
3318
2884
571
1249
3629
1226
1514
467
3461
1138
524
352
1674
357
3673
2872
14
2131
2344
3610
1995
3315
3146
3223
529
3190
3604
2005
307
1346
1993
131
2707
1966
2135
396
812
1793
593
1119
335
163
305
217
1717
1281
3607
1412
2615
3618
3209
2591
2338
877
242
3235
486
2890
2308
3227
1882
3283
1306
2314
1948
351
598
349
3468
3199
2546
2277
1104
3543
650
3308
2621
3535
854
3114
1704
737
1631
1496
741
2202
444
3339
1248
3685
1462
282
2531
2470
2113
2038
3540
3194
2403
713
1513
3515
328
3717
2148
1841
301
2823
803
1105
3294
3248
515
1217
3126
3497
2199
2304
1023
3573
321
2858
3047
1929
1097
2694
2454
2982
3648
1393
2387
2283
2663
722
453
1677
578
2285
852
1170
3395
1780
3170
900
51
1181
1504
2923
3037
3052
2619
1277
518
2045
3097
592
2579
108
802
1254
166
454
2986
2404
2353
1884
3441
885
1340
727
528
3270
1581
3026
3524
3444
2718
3465
1065
1452
3399
1091
203
783
3054
1021
3166
1529
132
3252
1959
1435
2145
1063
3374
2556
3553
1725
536
2933
899
1270
266
3215
169
40
69
1673
3678
752
127
3637
2821
955
387
2795
1072
1931
3563
1461
361
1607
344
42
873
701
1952
527
3528
1341
2249
539
1084
2398
3157
63
1255
3202
2925
1173
3439
724
2627
2490
1026
2812
2196
1953
3066
3650
100
1788
3494
3025
3448
2687
495
831
1738
1429
1227
1545
2400
2477
764
982
3162
892
2776
3081
3271
3161
2583
2979
505
3334
171
327
2206
1949
151
651
3158
2429
2777
13
1723
1239
2566
512
1405
2956
1081
3213
1951
3526
2439
1503
738
3198
3299
1070
2834
661
777
3404
2301
1073
2728
569
2977
2743
1714
2967
2083
2374
941
80
3720
788
620
67
186
2007
3350
3428
1264
293
2497
2442
1549
1656
2815
2769
2499
2710
3203
991
1335
995
3491
501
1840
3263
3696
41
223
731
832
2665
2467
791
2510
1485
3527
3741
1524
3656
469
2169
2062
2305
617
81
3217
3734
1219
426
3371
1735
1688
2416
565
493
3340
2895
1431
2472
1567
191
708
3134
2829
2054
2689
3080
718
2
2447
2243
1806
399
2250
1719
2118
3430
1663
1823
2822
1406
2679
91
2362
839
773
1339
523
2561
980
2476
862
363
466
648
2418
102
3249
2798
68
1159
599
2150
2654
2215
2227
1814
2339
1455
1197
2256
736
2626
3723
1476
1690
3137
2647
1469
1008
1568
2969
1582
920
2655
3103
139
2109
1269
1579
2157
2402
723
464
1207
3459
2539
2091
207
218
2335
3110
618
757
3566
967
1232
1401
706
882
3621
1069
142
2805
121
222
3286
654
205
1465
2487
3295
670
2988
3757
629
154
3730
975
2786
1762
2702
3220
1665
615
1129
637
1852
726
1564
3575
3715
2946
1024
588
374
50
1695
914
1681
2792
2503
1273
2903
1785
443
2516
1536
519
2674
2042
2927
1460
1546
3042
2874
846
3758
1869
1076
2368
1639
2632
1250
2492
422
2843
1140
3289
1539
1890
1087
753
3434
431
3386
2064
2332
1291
2931
3121
1110
1410
3058
3201
985
1906
2385
1135
1767
2302
1956
2592
1637
604
3364
1707
170
3453
2354
2197
586
3277
1243
2696
2972
3695
1201
2394
292
2939
3661
316
1667
1259
2919
1664
3237
994
1698
1580
458
1464
1355
2842
656
3050
380
1740
2564
3712
574
376
2174
1212
2331
3756
3703
1167
774
2311
2023
1654
298
105
331
270
760
410
1824
2712
2343
2767
2809
2001
1781
3537
1
3106
2107
175
288
2918
818
2816
2030
1696
1934
3681
1730
3023
978
1779
3238
2147
2955
1873
2120
3666
3546
1144
2530
2298
1764
1327
2391
126
1519
817
1635
1325
122
1964
3391
1699
2225
2081
3536
2631
303
2526
1478
309
3276
881
1022
1531
2683
672
117
2938
3615
2801
2328
3561
156
2347
3046
2312
3245
2352
3093
2144
2558
789
1177
2427
2870
3676
2590
20
703
1617
2031
2129
2463
329
1592
95
2136
2839
43
184
1923
3045
2656
1100
1778
984
1491
2071
2087
1242
1266
2543
3191
3017
3030
3675
2037
2535
1766
3361
476
172
1946
2719
3608
1384
1361
2984
3083
2594
1338
919
3297
3569
1801
1322
2452
3378
1074
3446
1218
3464
347
1483
2994
26
3131
3349
3579
3327
1548
459
1481
62
840
3153
3709
2573
2323
2187
428
1737
3061
143
2958
18
2350
3365
1169
2417
2488
2453
1997
2165
2983
1287
3626
1276
3067
2306
3224
2916
2807
2600
2483
1117
406
961
2772
836
2523
52
552
3749
521
1835
1709
699
2559
3089
2662
2076
2179
472
2300
2271
2645
445
2968
2634
3750
682
3466
1980
2716
2420
1926
2557
3599
2837
3485
1506
3240
2015
1027
2014
149
3164
904
44
2240
2768
1200
2666
3291
1775
705
3004
2386
1644
1935
3667
3087
3088
1509
3274
2265
3281
2722
407
214
3752
2715
2996
318
425
3490
1628
662
2415
1182
2000
3476
2090
1029
196
3406
496
2569
2363
1316
3341
3413
2889
2637
398
2520
761
3668
421
291
1331
182
255
1439
2341
779
290
2139
1285
2066
47
1505
1319
1896
1661
3581
2373
119
176
2175
3443
3403
988
1257
1077
1409
898
1693
1817
2040
300
1879
1003
1422
2119
3647
1501
2188
3643
1692
531
3454
2108
2226
3506
3522
3475
409
1495
1555
1897
787
1750
201
3193
1904
65
3287
3258
3659
160
2232
2473
1363
2132
2152
3328
1498
2303
3557
2865
1292
2928
3118
2446
204
2794
1965
2324
3179
1678
1877
987
3138
3322
2316
2172
1048
354
3489
254
1082
1791
3424
2436
2372
2451
2763
3048
2998
1404
3184
3670
1293
3609
973
2651
880
3574
3455
1215
2678
2527
671
925
3310
932
1156
124
3731
2532
657
3323
1204
1867
2121
3671
1589
1911
1540
2873
1940
1608
630
2854
190
2725
3124
3128
1463
3496
767
187
2462
2125
2234
484
1373
1888
1370
1216
2914
1417
382
2514
2773
621
2726
280
2653
1731
1585
1615
3307
3531
3545
2540
926
2501
2560
2495
1981
1974
2138
3532
2419
3694
2800
3630
1016
308
3012
286
1168
1830
1705
92
2695
275
1675
2236
3135
1803
2717
3329
2711
644
2222
2605
1559
1722
3043
3471
3144
1812
3714
1512
2485
2922
1572
2161
551
3398
2458
709
2907
3178
2669
1784
319
795
1648
1497
2790
400
2278
580
2990
489
675
1234
83
3243
913
3417
1471
3091
958
843
2058
134
2708
858
2101
2008
441
432
3098
2380
3412
2713
952
2504
972
999
87
845
2273
1372
3266
2460
813
889
60
3160
1284
590
3261
145
1829
3470
1158
2012
1315
1827
1139
2575
3265
986
3259
1128
340
3076
2149
277
1210
2238
865
1382
2159
887
239
1662
3165
2885
2734
1683
3388
1489
258
954
2009
1360
3740
1297
1090
3523
3062
1071
353
1756
1537
2259
2864
2806
2474
1623
2943
1724
3074
1668
369
949
1112
1565
2820
179
3611
890
3171
401
1317
3251
2065
801
2681
1747
2698
1577
814
540
73
3370
2345
1012
3059
59
373
3188
745
345
391
2052
2486
1783
2185
3658
284
2936
2576
3402
1418
2593
1686
3136
2103
385
2207
864
33
1713
1457
601
1458
2668
2796
1345
3530
1624
3256
3684
1013
1466
11
3701
535
2294
2444
2613
3577
1652
2577
1978
2766
3272
2299
1195
167
2973
2799
2325
1275
2371
2379
2963
2348
194
1099
2022
3416
1594
1733
2448
1354
2764
2078
2964
252
1782
1191
3640
2193
3360
3657
766
3280
1999
3419
3472
606
2817
1036
103
3269
2582
1436
153
600
1423
3590
2293
281
762
371
3187
3620
3706
3538
343
2039
1198
358
893
3451
2242
1556
2221
2886
891
193
2073
3534
1602
3460
710
1288
1172
2740
2856
2326
2625
903
2620
771
1647
3449
735
564
3108
2489
1098
427
993
1449
1858
295
3719
408
653
2192
1760
135
228
1402
3697
302
1256
224
1591
1007
1427
2228
2730
2770
1562
1187
273
3633
3624
2367
608
2189
1351
2860
311
1290
2742
435
2164
1905
944
1028
2478
3055
3376
2455
1095
3552
2675
113
1194
1308
3721
2528
2465
2781
3742
110
72
582
1004
2218
1861
3414
696
1123
1971
2745
1193
716
947
2176
3463
58
2105
2585
2849
1804
1362
339
2685
446
1616
2672
79
573
2774
1154
2552
480
1910
2867
414
619
1113
2612
1124
2959
680
1067
964
3589
3499
837
2365
1989
1214
97
543
479
2840
1238
3331
1456
3101
2570
3743
2396
3296
3436
2724
728
2112
1982
3236
5
2082
554
2079
2307
1552
1235
1425
2909
2457
1441
3747
23
2563
1694
177
1050
3230
1991
2567
2358
1530
2290
1697
3367
584
1532
829
3639
2633
2288
2388
1045
3159
3218
2536
3733
1597
3478
2841
35
3324
2102
1080
871
3079
1446
2254
1876
2811
3112
1111
776
1058
2995
2879
2330
575
2930
667
150
3117
3077
3397
1950
1473
541
775
2024
2098
577
3627
581
1620
3520
1865
1712
1296
707
3732
2739
2055
2587
2393
3381
2507
1728
855
1103
2643
3664
1453
612
3345
2868
2831
3053
3212
3200
3736
241
1312
1411
2869
3335
1770
3539
1018
2588
101
545
2945
2190
3542
912
2177
842
1541
1640
628
346
1798
1442
1037
2004
287
30
1005
2056
2047
2257
2673
633
1571
3226
2115
2057
3505
1502
462
1130
3300
1510
2826
1749
3056
3210
465
3567
1499
1486
3233
2337
384
3612
2126
1538
477
1379
511
863
1137
3513
3646
1434
566
2173
953
125
3068
1492
3221
471
2952
460
2122
404
1244
748
1403
1009
998
1030
3372
332
3375
2832
3216
850
2704
3487
3033
874
3507
2361
2508
1470
2797
2096
2791
1015
1083
2720
2370
2253
1915
2414
1245
1279
3002
1062
130
969
1825
3596
498
360
1773
1716
848
2755
2808
197
12
1885
3015
2622
957
3440
1938
1618
942
2286
3568
2297
235
1944
1267
1078
2201
1115
2788
754
3292
1228
3007
3384
257
786
3598
2544
781
57
792
140
1566
610
3111
1933
2782
2235
3125
2690
655
646
602
1534
2565
165
1448
2114
1883
902
1041
1818
107
3041
2828
2883
1752
3186
253
136
1554
3682
3264
1056
1035
1553
259
1381
2877
809
3222
1121
3006
1570
793
2319
3163
1517
3288
1523
3474
3246
1610
1020
1032
1246
3155
2181
3484
3725
3305
2033
88
1659
756
684
3122
61
951
2041
2547
897
144
2966
959
2548
3486
553
2266
823
790
2412
1941
800
15
609
3632
1141
202
589
168
3353
2603
2134
3257
188
1223
3317
649
1606
1444
2857
938
2971
2408
297
822
677
2151
517
2237
849
3483
2960
2068
1741
2554
1578
1430
2753
915
1569
430
1143
2601
3204
320
3737
2549
2309
2908
513
3641
3320
433
3669
2020
639
821
3044
1907
2581
1042
1544
3154
1085
1921
2407
2611
2456
2445
2604
2155
2597
2901
2320
927
2044
2880
1899
1787
2036
811
333
3029
733
3211
3038
1054
341
364
2502
114
2525
1186
2085
162
1975
1547
1493
2947
2340
3219
1708
623
878
3116
1152
1669
2346
267
755
2961
1313
3196
2974
2744
943
1075
3423
1611
3551
3359
3660
112
56
1488
533
2878
1118
1044
3278
2124
960
2845
2941
2074
557
3674
2700
1324
2705
3273
1914
1609
3644
111
558
1560
1992
990
3390
1629
2571
3316
2262
1721
1774
1515
1518
412
3677
1508
313
2638
1842
416
2616
3133
1482
3429
2827
2750
1700
355
2029
3421
2779
520
2070
507
744
3197
3181
2957
3231
3338
3156
1468
1258
2060
2195
1822
261
2168
2529
2863
3722
157
2635
1807
808
686
691
1894
1881
1386
1860
2975
555
911
785
146
796
3244
1627
1634
1416
3096
1196
19
3411
3279
2178
3745
1300
1184
2833
315
1970
894
905
2586
3036
1928
350
3547
3225
635
3594
3679
1053
962
1820
875
3354
2180
2851
2555
2699
665
2318
3234
2095
3172
1587
729
1348
3570
3410
200
89
509
3255
2646
1658
1479
3518
2991
974
1283
1057
664
1649
3000
3525
1922
3346
2484
1875
1691
1898
2494
2538
1241
2905
3636
1720
2104
334
798
22
2247
886
289
1960
2089
2349
2693
299
3514
2935
240
550
3504
1000
2775
1365
1490
413
2714
3344
1274
1753
2075
1329
1326
1108
1799
1459
1337
2853
3687
1369
1086
2310
375
1262
452
415
3392
1739
1685
992
2509
2449
1598
2659
2731
695
3123
129
2153
595
1927
2209
2691
3336
64
1358
3516
2688
1179
2752
3382
2013
906
71
3313
2211
1236
3065
2100
765
2342
1017
1333
231
1800
106
3726
732
209
1321
510
468
2383
2032
3617
378
1101
1522
1120
16
3132
3174
805
93
1551
1851
3001
330
348
1307
195
2534
1155
1920
1831
1811
1394
2205
2182
3606
3303
279
1102
698
2128
3435
470
2896
1862
525
2491
1157
1188
3149
2229
2937
3593
3572
115
2671
3301
2376
1742
2317
746
2186
3253
3282
1247
189
17
526
1222
1596
3432
283
3405
